VFAEFF=3.94    

LGUTDCHA=0.808  % code has 0.819071
LGUTDCHB=0.118  % code has 0.131939
LGUTDCPI=0.680  % code has 0.663091   
LGUTDCFA=0.711  % code has 0.698377
KFATHB=1.94e-7  % code has 0.03
KFATPI=4.46e-7  % code has 0.000773438
KFGAM=0.00020   % code has 0.0012
KFATFG=0.0683   % code has 0.03  

RUMLIQVOLEQ=1.0  
VMBLDURAM=0.1  

KAMABS=10.43580
KABSAC=4.19879
KABSPR=6.45172   
KABSBU=5.57839
RUMYATP=0.02544
		
KLPARTRED=3.52521
KMPARTSPART=4.7879
KMPARTP=0.078936
KSPARTP=0.235232
		
OSWASLP=0.7
OSMOLF=2.1398
	
FKRUADF=2.87594
FKRUP=2.17073
FKRUST=0.15266
FHCCS1=0.69356
	
SLPKRUADF=0.47627
SLPKRUP=0.03311
SLPKRUST=0.17873

KHYERUCT=0.0259596
KHYOTHER=0.1 % 0.326089
CEMEANRRT=18.0
RUMPHBASE= 6.523

